196,13,124,54,1367,385,429,37,1031,570,28,144,986,406,52,54,113,1187,41,325,1118,1690,53,154,261,25,39,166,48,3559,48,3617,212,21,348,91,46,993,69,161,21,283,730,78,27,222,428,29,199,17
223,8,185,65,1251,403,267,32,1268,637,39,222,715,474,65,70,148,2726,32,346,1228,1218,47,154,269,16,50,179,64,3335,40,4299,239,12,355,107,90,1132,102,219,36,272,669,153,37,306,464,26,180,13
208,11,171,59,1501,450,1091,172,1280,488,23,122,1209,418,85,68,99,1147,56,427,1436,1296,0,157,226,18,24,56,61,4305,92,5132,222,14,410,110,73,1387,65,255,22,239,659,81,29,0,343,20,186,16
145,11,250,5,1371,390,361,60,1149,422,15,64,1453,496,87,78,103,2199,24,367,1334,1084,76,143,130,19,37,228,81,4229,48,4694,203,13,427,90,100,1704,98,150,25,258,788,182,63,395,490,45,196,21
157,14,250,110,1512,388,399,71,765,296,18,24,899,458,82,115,70,514,14,920,764,924,121,127,103,19,45,94,48,3381,81,4082,114,21,304,50,69,1437,135,222,28,144,681,177,50,471,395,42,155,13
299,6,187,62,1122,225,1231,94,1159,739,22,69,1006,533,78,32,124,1857,29,326,1337,1458,83,204,293,20,54,117,46,3585,62,3708,86,18,407,58,64,1492,185,139,48,90,480,111,29,455,385,21,173,12
236,22,119,78,1142,269,875,226,1005,1562,21,40,1287,563,102,55,175,1417,20,1158,1365,1316,85,136,218,12,47,134,32,3326,108,3709,399,12,332,85,49,1559,215,185,32,293,988,88,32,312,318,67,138,9
203,13,151,78,1352,264,1000,115,1046,1130,9,22,1529,436,97,176,135,746,18,656,1365,1221,88,178,226,20,45,231,41,3021,71,5616,264,14,366,97,58,1807,259,198,73,200,1092,112,28,397,322,0,178,9
208,9,292,56,1416,552,1003,99,1033,613,11,121,1344,408,125,30,68,1253,23,783,2374,1112,94,185,199,13,54,138,31,3590,124,5397,285,18,364,113,82,2033,274,139,54,231,877,145,18,467,404,111,129,9
179,11,94,75,1461,368,347,154,1089,934,20,43,1465,556,118,135,82,970,23,0,1904,1157,0,180,216,0,73,128,66,3561,102,5218,327,9,366,96,50,1817,286,251,89,172,1441,41,47,0,284,51,183,14
119,11,281,32,1393,438,1379,138,1063,419,14,11,1293,528,122,38,94,761,33,726,3073,903,178,146,91,12,61,116,44,3563,83,4022,317,15,372,128,76,1763,392,266,90,198,890,104,30,568,458,17,153,8
112,15,146,73,1462,437,525,108,809,157,4,51,1672,493,77,98,75,581,17,1242,1557,733,107,140,93,17,101,136,56,3699,71,3336,172,15,268,70,80,1180,280,142,104,131,923,132,18,670,237,20,120,9
260,5,163,103,1047,383,1346,146,922,1086,6,28,1173,308,123,-1,124,421,65,536,1392,1165,74,217,240,4,54,135,35,2734,100,2782,112,23,457,45,57,1311,289,116,138,66,422,54,18,424,265,15,87,103
176,8,104,88,974,293,608,195,592,844,11,0,1222,291,189,101,124,502,36,560,1296,1056,114,219,198,6,48,117,71,4240,62,3475,282,10,305,108,49,1096,184,123,300,351,718,61,5,329,248,68,127,121
165,8,156,85,1509,316,766,62,900,686,11,101,1346,428,96,17,104,433,36,752,1755,1055,53,238,206,11,66,123,48,2206,77,3734,284,24,511,67,30,1233,268,129,0,237,868,184,9,389,219,24,166,-101
211,7,272,52,1484,421,1129,113,1198,989,9,22,1140,587,146,94,97,581,26,788,2263,1135,151,192,200,7,90,110,72,4287,113,3661,377,28,623,90,73,1326,317,95,143,301,963,123,7,602,323,21,154,8
206,9,273,67,1661,352,925,286,1080,908,20,46,1842,612,191,172,114,586,31,0,2221,1019,161,216,163,0,98,203,76,3150,114,3152,541,46,693,70,49,1824,384,267,100,229,916,45,11,562,262,36,170,11
193,5,212,75,1663,422,741,118,741,352,8,13,1585,487,181,51,126,462,20,736,1970,833,39,172,149,4,165,102,55,2969,87,3258,258,89,1115,93,59,1791,284,159,131,301,889,141,9,0,354,50,154,11
126,5,210,4,1584,271,412,202,711,505,4,4,1197,569,389,38,137,348,20,1376,1705,616,257,181,133,7,148,102,50,3865,47,2802,139,57,1380,89,66,1311,285,161,93,335,663,205,11,937,245,38,147,3
291,2,135,183,1200,316,1853,188,745,843,2,64,1151,476,257,137,100,595,8,509,1566,1133,97,314,253,4,166,102,55,3505,126,2356,121,42,1317,62,46,943,340,138,50,199,535,108,3,640,275,39,153,2
256,8,187,298,1070,301,545,278,859,612,6,30,1551,411,482,39,213,331,13,582,1556,1402,154,261,221,2,108,107,44,3581,101,1659,438,17,806,157,46,1246,378,66,69,680,738,110,2,0,236,12,121,13
244,6,208,19,1898,466,2109,128,697,897,5,36,2049,341,107,186,157,463,19,962,1745,1479,0,279,228,3,60,144,97,3478,138,2419,463,35,392,81,57,1296,381,181,104,354,873,171,6,1368,204,49,225,6
203,2,310,184,1666,404,631,143,1212,931,3,34,1826,601,176,271,179,481,30,879,3079,1284,464,235,225,2,393,127,82,4124,169,2821,437,30,577,87,68,1824,389,143,98,395,875,182,3,596,195,18,207,6
210,2,276,345,1747,971,821,136,734,681,2,34,2724,641,521,295,211,342,28,0,4946,1380,0,277,205,0,320,190,50,2207,142,3512,507,39,475,89,50,1815,423,147,84,346,862,60,3,772,271,29,304,20
215,0,235,99,1835,710,661,456,794,686,2,17,2119,715,647,279,202,372,25,1150,2379,693,261,193,118,1,310,141,67,3327,139,5913,576,55,418,102,76,1433,408,174,107,445,967,166,8,0,310,15,331,18
172,2,246,32,2007,491,687,130,519,271,1,10,2126,617,383,118,132,320,33,1721,1590,657,156,172,72,4,329,63,77,3515,66,2757,255,64,376,62,58,1328,297,256,65,208,858,266,6,1169,239,28,224,11
331,4,190,114,1601,436,728,403,747,774,1,20,1980,949,393,154,127,279,17,626,1524,1261,579,318,270,2,342,88,74,2150,97,1720,120,75,362,57,43,952,285,151,33,113,666,93,3,804,230,24,170,18
310,6,232,66,1255,495,315,108,343,582,4,35,2219,627,508,163,254,218,16,736,1840,1218,464,282,366,0,14,122,72,2669,151,1261,559,49,444,189,31,1398,203,151,68,417,874,116,5,622,156,18,208,16
262,4,254,71,2234,436,455,38,514,854,4,32,2253,594,467,247,208,374,39,893,1963,1458,491,301,307,0,426,86,44,2408,239,2082,432,42,534,148,61,1147,349,110,60,1063,883,182,0,885,233,14,231,8
296,0,446,63,2097,847,933,196,976,537,1,31,2563,653,302,500,311,341,28,1730,1940,1576,0,247,263,2,514,109,92,2388,198,2044,436,34,724,98,64,1597,355,117,76,900,1033,148,4,1055,274,16,334,15
348,9,314,55,2019,460,1064,131,703,935,0,20,3137,795,739,211,232,667,0,0,2106,1171,594,283,288,0,512,220,164,2552,102,1730,461,40,716,110,69,1463,346,203,76,362,1142,75,13,0,297,26,460,7
133,1,402,62,1919,465,523,151,631,381,3,26,2450,665,757,297,135,429,29,1001,1952,686,498,194,68,2,315,84,119,2531,219,1999,450,46,592,116,56,1403,294,160,63,383,1293,153,4,830,377,33,346,13
169,3,276,59,2222,410,25,302,766,284,1,0,2944,638,528,284,124,243,53,1935,1824,501,1010,148,68,2,349,115,89,3028,118,1461,182,38,579,41,45,1073,191,199,43,162,1026,280,11,1761,215,11,304,7
327,2,279,38,1382,247,661,216,574,753,3,45,2391,574,534,215,274,363,21,709,1000,1470,-4,309,210,0,431,74,70,1533,181,1218,172,34,560,35,79,939,177,141,37,114,784,145,5,0,279,29,272,10
312,1,386,27,1146,368,648,165,584,602,1,21,2122,526,408,213,233,323,28,1046,1184,1444,617,294,270,-1,356,103,48,2334,107,1016,688,41,495,123,80,871,276,121,53,359,1037,124,5,764,144,18,330,8
312,1,402,115,2412,398,374,191,627,802,2,31,2270,837,293,276,180,330,0,0,1754,1482,728,379,183,0,364,60,104,1301,153,1309,551,57,607,94,77,961,302,92,58,460,1053,65,3,0,304,34,335,27
283,2,238,54,2601,451,789,174,343,821,0,20,2641,633,655,410,186,326,120,2322,1696,1256,1509,273,140,3,658,103,103,1753,202,1626,712,48,555,72,73,1131,323,94,126,664,968,199,4,2086,334,21,314,4
288,3,581,82,2327,461,627,166,771,544,2,27,2887,643,398,357,182,203,0,1049,1612,2848,0,274,131,-1,386,118,104,1834,180,1371,621,54,885,153,79,1478,269,204,239,684,1219,247,2,0,151,26,375,9
167,1,434,237,2144,551,573,123,680,307,1,25,2325,586,214,250,124,562,60,1053,1410,1181,1183,167,113,0,348,144,64,1641,105,1209,543,39,681,112,92,1164,229,233,249,311,1251,193,2,854,304,24,349,9
232,1,159,0,2250,359,570,487,383,876,2,0,1656,394,288,233,108,183,23,786,1050,487,0,198,65,0,62,81,60,1449,85,1145,193,27,384,55,68,1457,285,175,124,91,1009,83,7,1874,213,15,280,9
418,2,261,59,1574,220,211,116,606,459,1,30,1266,501,414,132,196,208,5,688,669,2620,528,362,179,1,254,54,89,1428,206,720,117,27,696,36,58,574,189,107,97,67,1000,78,0,730,240,7,199,7
390,2,356,121,1329,252,568,66,799,768,3,33,4014,500,539,0,274,235,53,751,870,2679,1118,308,172,0,208,159,79,814,143,664,765,53,473,124,72,806,174,139,49,388,1179,153,1,946,207,9,193,6
424,1,440,72,2428,299,522,62,790,558,0,31,1677,346,377,352,202,612,0,1091,1165,1588,0,276,247,3,356,83,60,830,152,1049,679,76,471,293,58,759,221,147,69,373,1355,127,2,1067,120,26,291,13
416,5,498,112,2455,439,609,119,784,326,0,27,3239,580,386,0,277,827,88,1083,1685,3332,1323,269,186,4,363,94,83,1162,139,1095,711,65,636,111,63,983,196,131,60,400,1448,162,1,859,258,30,373,13
429,1,495,115,2288,416,621,447,479,613,2,38,2432,602,374,418,242,348,45,982,1239,3612,0,339,184,0,315,130,82,1214,159,950,758,49,597,98,62,1047,228,200,95,384,1347,175,1,1011,181,13,410,15
293,4,462,115,2649,433,618,139,1136,562,1,30,2088,625,279,0,104,280,39,836,1512,702,1428,223,90,2,424,33,92,1190,185,1176,704,87,520,106,71,1048,232,245,72,347,1801,154,1,705,347,23,502,25
253,4,306,181,2503,332,716,189,653,623,0,0,1734,498,323,0,112,315,26,0,1077,452,704,174,103,2,112,210,40,1252,91,896,285,52,449,60,11,672,243,308,28,215,785,139,6,752,148,20,356,13
510,3,233,54,1708,221,697,110,612,662,1,36,2294,477,431,454,191,334,28,2742,1042,2545,657,372,208,0,312,49,56,1720,158,613,193,31,349,31,64,826,122,159,40,103,909,154,0,1005,172,12,144,12
514,0,396,110,1327,277,314,76,474,772,1,21,1545,450,267,0,199,329,78,777,873,2690,641,304,178,8,234,125,69,993,96,883,1062,63,680,105,39,580,137,159,58,712,1219,136,4,763,190,12,198,10
537,3,331,80,2776,289,587,100,1187,780,4,30,2388,569,246,199,164,278,58,1208,1045,1245,0,339,216,0,292,136,147,1413,125,796,965,101,484,110,75,813,210,135,92,467,1411,213,1,1229,175,53,546,11
515,0,418,455,2415,375,191,132,724,687,0,28,2268,662,575,0,182,1188,71,893,1114,1245,1335,357,258,1,250,89,67,1091,155,963,836,134,731,86,16,936,181,156,73,562,945,173,5,813,135,36,454,14
395,2,293,154,2707,308,432,111,733,1031,1,61,2758,473,334,419,158,421,0,1071,815,1926,840,321,207,0,372,130,79,1273,153,887,861,88,627,97,47,943,165,230,106,527,1181,198,2,799,152,102,511,2
320,4,431,163,2433,462,382,135,544,979,0,31,2352,492,394,0,132,115,65,818,763,490,0,239,86,0,199,295,75,390,170,990,746,48,614,96,24,777,201,279,112,451,1060,152,2,495,328,24,481,10
285,0,300,147,2524,226,446,157,979,724,0,0,2508,475,352,0,18,129,61,839,1013,348,728,255,64,0,170,90,60,1055,148,732,340,53,503,41,39,701,106,272,95,200,839,169,2,1483,248,42,400,25
360,1,222,107,1746,269,405,94,501,532,0,58,1713,339,327,260,173,622,35,535,596,331,1387,299,75,0,222,102,48,942,83,641,258,39,566,43,22,530,84,207,23,152,623,84,6,1615,267,11,307,5
580,2,222,151,1397,306,430,35,474,350,0,15,1178,363,126,0,155,245,0,736,422,1145,504,402,257,0,235,110,34,688,104,502,369,-35,529,69,18,456,74,100,67,158,589,74,5,907,127,72,279,7
633,1,479,97,2237,205,-15,76,611,709,2,32,1111,359,654,119,171,443,80,1286,527,1183,0,383,262,6,383,115,55,881,122,462,1365,17,433,111,71,783,153,335,57,813,1361,157,2,1152,152,45,599,10
510,13,501,261,3601,286,271,81,1220,838,3,38,1527,631,228,0,291,305,37,1279,675,1052,1067,446,201,8,245,112,100,578,112,685,994,42,476,112,48,653,129,219,83,659,1855,322,4,1132,356,36,512,16
506,5,702,239,3527,346,203,157,751,626,3,34,1622,490,371,382,163,0,56,1027,617,1054,0,349,210,12,455,125,106,1673,129,603,1015,39,651,133,45,726,126,183,73,780,1230,292,1,1078,302,37,733,15
390,3,790,236,3178,488,260,70,870,738,0,36,1462,653,288,0,104,775,43,763,789,519,1319,228,298,0,251,145,53,773,131,624,1112,34,468,118,54,724,173,324,94,651,1332,259,2,996,278,17,523,7
353,28,681,240,3793,305,179,127,699,729,0,0,1343,363,308,0,136,234,24,549,664,402,358,223,176,10,172,115,106,838,65,558,443,23,479,92,58,529,109,409,33,271,1949,256,4,791,352,21,173,5
747,7,187,190,2227,152,539,58,602,889,1,67,974,256,146,292,227,536,28,848,326,881,0,376,267,8,272,78,34,486,111,480,332,48,471,66,59,404,75,361,41,169,593,157,3,841,271,18,140,7
564,20,1127,375,1593,214,239,36,1209,578,1,27,1614,407,317,0,245,405,41,807,248,1063,300,322,217,2,219,142,64,658,224,716,1504,21,429,192,33,606,94,266,33,689,1688,252,0,666,205,28,374,2
602,18,973,249,3656,247,112,43,1264,723,1,57,982,475,93,159,188,276,0,876,425,888,362,334,218,14,319,121,46,541,116,550,1265,33,379,159,64,538,97,266,95,524,1703,384,2,951,277,21,483,3
518,10,530,358,3904,307,148,58,1015,942,6,64,929,384,696,0,264,429,28,912,412,860,403,255,236,0,246,139,81,478,213,514,1437,27,490,190,75,555,99,242,85,664,1649,278,36,676,248,25,492,6
604,11,1579,226,3412,276,221,76,1242,799,8,57,1156,482,342,223,281,427,36,712,420,780,1228,378,230,1,182,195,77,825,319,541,1346,39,476,177,96,473,107,433,30,682,1693,237,1,865,260,17,357,12
402,12,1119,450,3594,240,358,81,1392,583,1,28,975,419,332,0,76,497,88,491,505,421,385,249,89,0,160,175,66,566,128,537,1320,71,353,237,92,775,98,494,90,496,1940,687,17,1284,459,17,322,6
365,8,1438,325,3702,164,150,46,1029,524,1,0,867,400,110,0,120,330,0,431,261,308,338,224,54,8,85,189,24,279,140,323,482,45,365,143,146,436,66,521,71,321,1425,178,16,570,283,8,264,8
788,18,789,314,2691,133,124,53,1153,648,6,50,1382,226,400,257,260,234,18,500,193,931,299,428,304,0,156,156,36,348,122,318,435,19,361,155,114,369,48,381,33,236,638,312,12,487,311,17,203,13
712,11,618,340,2019,183,87,36,1244,808,4,31,797,410,249,0,202,562,18,561,200,824,346,448,267,6,107,225,53,316,43,343,1654,21,325,290,66,504,45,541,52,839,1637,275,8,439,300,18,270,10
788,20,1557,288,4198,133,168,69,1666,804,6,40,625,304,366,162,70,418,61,732,203,819,447,494,297,7,181,134,46,566,145,249,1546,40,413,282,72,440,65,455,81,708,2504,344,10,470,251,14,285,10
752,18,1413,448,4006,124,114,56,1633,1101,15,42,766,411,370,0,291,442,0,416,346,736,0,460,516,12,248,253,31,495,117,337,1447,39,429,420,177,538,100,496,61,737,1826,381,16,564,262,24,333,29
693,14,1655,731,4248,236,228,60,2468,963,17,51,732,398,375,235,281,523,54,692,307,807,479,502,308,15,219,261,42,367,159,385,1431,36,420,355,140,685,87,689,77,653,2097,360,9,658,284,32,2796,18
439,26,1541,548,4069,232,305,42,2131,1043,5,46,673,397,369,0,94,1288,36,396,259,445,377,357,155,0,101,286,48,454,95,377,1435,42,424,386,158,446,78,873,91,707,2331,395,4,637,366,25,309,23
409,9,1234,406,4479,120,94,76,1756,852,8,0,672,366,209,0,185,336,53,331,206,301,521,313,105,21,105,209,19,286,102,309,686,22,300,288,101,349,48,839,65,407,1843,285,2,380,282,16,264,10
957,3,1015,416,3645,132,147,60,2692,851,3,63,473,521,151,372,237,553,9,377,58,859,189,555,430,3,171,124,27,244,122,239,545,21,428,272,184,354,32,766,30,229,1254,357,1,445,333,32,185,19
817,13,2393,274,2999,141,114,47,2429,870,5,78,623,356,102,0,210,534,0,560,140,830,414,560,458,18,151,361,19,353,88,299,1690,23,434,535,278,353,75,615,38,1027,4098,315,3,444,372,19,309,10
917,20,1828,415,6423,252,80,63,2691,1094,18,92,546,227,282,262,254,928,17,260,180,975,0,521,424,0,186,202,72,301,132,217,1583,42,412,553,120,367,52,577,84,843,3129,398,0,463,257,35,290,25
873,12,2520,322,6455,256,11,40,3309,1023,26,111,593,425,393,0,251,0,42,319,199,804,379,569,558,36,161,234,14,425,88,299,1709,27,700,530,148,449,51,594,59,993,3516,660,5,555,406,42,463,30
923,16,3247,703,6733,346,117,49,3993,1267,12,128,831,308,421,378,259,-119,60,408,152,848,792,557,422,32,146,421,0,418,107,386,1768,33,609,535,206,551,69,996,49,916,3454,627,8,650,415,50,310,29
660,21,3110,511,6750,180,158,89,4609,1814,10,135,634,315,221,0,126,870,0,350,223,480,453,435,208,18,103,645,68,355,170,325,1616,25,531,509,178,491,58,1081,67,1116,4430,574,3,551,616,32,442,6
601,11,2593,419,6909,206,40,45,2746,885,4,0,658,362,461,0,110,393,19,297,105,445,307,366,174,1,98,274,26,321,135,279,758,37,546,373,187,470,35,1173,72,515,3866,425,12,471,451,43,293,18
1270,6,2197,522,5355,142,27,47,3795,1271,3,248,462,210,94,406,244,461,14,404,136,1188,242,772,618,17,176,330,14,305,129,257,698,25,729,271,146,459,30,908,29,421,3280,310,4,529,198,28,251,33
1124,16,3594,595,4334,195,117,44,5455,1860,13,148,601,238,321,0,258,1356,23,330,182,1399,294,817,577,32,108,464,13,38,144,282,2029,7,590,610,191,526,59,1013,27,1497,5489,525,1,520,521,22,289,24
1154,14,9,697,9381,257,14,98,4982,1835,15,243,715,269,333,505,322,882,77,440,111,1400,0,864,618,37,134,364,27,339,152,289,2088,42,632,574,170,496,78,915,66,1376,5551,525,9,432,480,36,466,28
1149,24,4844,687,9684,259,81,84,8798,1743,16,220,894,515,552,0,287,938,-1,338,160,1488,853,815,583,26,123,493,40,493,202,398,1903,31,892,592,124,593,46,1304,60,1632,5996,631,7,624,498,65,512,44
1171,18,3429,678,9854,326,65,111,9513,2076,6,283,910,485,428,568,363,1354,32,335,149,1379,0,824,576,23,234,387,0,412,216,434,1955,28,987,661,250,618,48,1146,56,1458,5707,665,8,677,494,36,563,42
764,19,3594,570,9422,286,147,134,8330,1952,26,171,786,435,327,0,103,0,89,327,305,745,933,502,360,0,243,1104,33,311,211,339,1970,37,817,585,276,629,61,1291,91,1563,5742,505,2,489,556,52,559,24
846,29,3858,508,9100,293,97,156,5354,2186,2,0,646,355,477,0,181,1467,30,477,163,602,-3,396,253,67,97,821,76,325,190,300,933,37,854,382,247,496,37,1608,55,772,5357,464,1,453,344,50,480,25
1683,21,626,439,6266,167,59,80,6014,2105,18,433,738,298,293,905,349,845,31,305,89,1873,315,889,882,48,197,734,13,133,173,202,1038,44,737,429,144,556,16,1446,35,622,4288,813,3,598,501,38,326,33
1537,36,4683,520,5475,217,152,40,6527,1976,7,365,724,366,165,0,267,1014,42,359,73,1703,855,807,863,51,137,553,22,433,165,284,2522,37,743,836,171,588,42,1333,48,2060,6975,483,0,0,564,35,629,37
1739,38,4878,420,10520,289,58,186,9423,3011,20,253,828,358,511,547,360,2083,34,505,157,1626,494,864,943,65,107,644,20,301,129,329,2306,39,1076,833,275,658,38,1990,62,1958,8076,640,2,416,609,74,563,27
1732,38,3334,878,10541,395,74,158,9298,3545,28,223,0,435,751,0,449,1383,0,538,158,1401,414,714,948,40,174,636,20,477,244,448,2070,42,1301,857,363,849,71,1636,67,2022,7915,535,15,532,711,74,584,36
1220,45,4434,547,11256,367,71,74,11299,2811,24,401,1806,528,221,929,334,1728,69,380,212,927,0,711,632,5,225,982,0,418,256,458,2033,65,1091,778,342,792,60,2270,85,1953,7555,650,9,658,755,73,622,32
634,49,2696,587,10649,296,0,207,9828,2728,25,376,862,517,631,0,228,0,0,291,163,534,512,436,322,39,150,857,35,304,287,358,1354,57,926,592,294,635,27,1539,50,1202,8258,431,2,1355,351,79,776,24
895,27,3537,605,8010,227,0,111,6218,2120,7,363,639,576,292,0,251,1937,26,272,111,701,433,523,338,82,67,843,40,392,193,294,589,37,968,437,300,537,32,1840,35,572,3449,498,11,354,642,130,533,28
2674,27,3353,439,5394,186,259,119,7276,1642,41,319,614,323,304,982,403,1101,17,492,157,1603,564,1455,1173,0,117,491,17,245,251,271,763,33,805,495,165,512,25,1465,42,953,5318,504,2,638,1056,107,490,41
2609,18,3654,259,6256,390,57,54,9925,3466,22,487,587,295,372,0,529,1936,20,465,140,1662,0,1125,1238,122,179,883,18,322,220,316,2543,49,948,1171,210,905,48,1503,58,3144,10028,702,2,635,435,63,535,36
2531,40,3521,734,11793,356,75,74,8861,3495,34,430,980,437,480,717,428,1888,26,586,162,1620,1003,1083,1346,95,233,567,20,202,290,403,2812,73,1277,1040,214,907,50,933,79,2781,9979,774,2,613,524,202,645,29
2355,47,4058,806,12563,410,101,143,11237,2838,27,459,1018,512,734,0,616,1843,13,463,177,1508,631,1180,1205,103,203,552,21,282,234,309,2557,99,1150,1016,369,735,65,1543,94,2719,9782,574,14,943,646,119,800,34
2449,50,4222,751,12201,633,78,114,10224,4623,41,500,1327,725,653,993,669,2642,0,557,152,1463,804,988,1120,24,153,1005,18,394,298,435,2178,84,1525,958,266,914,48,1968,65,2350,9765,909,4,851,639,157,889,16
1031,63,3039,1061,11195,450,0,217,15126,3201,20,577,1195,779,751,0,551,2167,40,642,167,902,0,609,647,84,205,718,33,370,224,423,2150,89,1358,901,397,815,65,1876,53,2355,10351,642,5,888,604,163,981,49
897,92,2538,503,11477,374,0,179,12162,2571,20,397,954,533,524,0,288,1319,19,418,172,763,1201,607,443,164,174,1032,30,373,255,336,994,91,1378,512,319,650,34,2255,45,1143,8196,572,12,972,866,98,797,23
2628,59,1358,572,7575,369,223,125,9160,3790,22,500,883,425,358,1447,546,1705,8,733,154,1820,398,1371,1326,2,230,850,14,286,263,307,863,108,1261,462,268,412,40,1908,25,844,5655,545,6,801,1077,69,505,41
2433,43,4274,794,5911,422,20,94,9969,3573,28,316,707,648,321,0,544,2215,12,756,203,1696,0,1257,1368,109,276,1088,23,444,223,597,2496,123,1142,1105,367,917,67,1509,48,2980,10745,474,4,1084,546,94,967,48
2325,51,3258,564,11694,414,106,79,13726,4102,19,727,1187,685,444,875,687,2089,20,648,142,1759,1177,1356,1196,266,239,841,22,410,327,465,2499,103,1316,1037,276,1087,50,2207,80,2603,7307,468,12,904,743,150,848,34
2238,63,3260,817,11613,596,114,126,11166,3676,23,688,1257,710,838,0,690,2280,38,707,143,1661,666,1427,1061,124,151,1447,26,271,297,384,2266,124,1290,1006,428,818,95,1857,42,2461,10291,923,9,1002,1262,100,942,41
1985,42,3873,648,11692,587,143,79,10140,4233,19,619,1427,733,590,1032,620,2179,8,835,216,1473,457,1216,1026,24,227,1383,26,95,318,409,2120,115,1679,828,293,1041,85,1998,95,2247,14916,805,9,940,754,126,929,43
1096,62,2781,771,11112,525,0,85,12353,4743,28,550,1276,841,319,0,958,0,2,925,177,888,734,864,644,105,123,1186,23,287,280,367,1958,112,1542,917,347,825,98,2066,73,1970,10158,653,3,1057,971,139,1031,39
924,83,2360,695,10800,369,0,115,10361,3193,12,571,965,917,682,0,335,3116,65,554,218,694,0,683,497,62,109,1288,15,-10,235,204,964,107,1110,487,430,744,75,1553,44,999,7300,637,7,945,934,120,849,18
2648,73,1560,699,7365,427,162,144,9227,2766,24,393,1173,635,501,1369,534,3186,0,860,174,1749,1253,1476,1426,88,292,948,46,241,244,235,818,81,1236,368,268,751,61,2358,37,758,7404,402,9,996,795,100,727,61
2245,90,3501,738,5521,558,41,59,9643,3732,17,556,955,710,249,0,810,1691,11,627,165,1529,504,1393,1216,91,332,816,13,347,302,464,2367,160,1047,1091,292,1050,64,1456,76,2846,9305,564,4,1022,840,57,1161,51
2045,94,1927,581,11099,622,127,149,10058,3547,54,500,1598,757,527,770,721,2771,15,664,192,1592,760,1276,1166,197,343,1136,33,445,311,355,2333,126,1527,817,255,810,91,1975,58,2359,9879,606,2,844,660,262,747,50
1886,64,2336,1013,10172,608,9,76,12267,4532,58,414,1624,929,635,0,903,2296,21,930,270,1416,769,1137,1209,128,311,1263,23,286,335,423,2070,121,1444,892,319,837,86,1760,66,2162,9507,635,11,1127,733,89,1086,59
1528,57,3358,990,9442,719,544,113,11980,5023,70,528,1599,996,636,1005,823,2084,-1,1288,214,1371,801,1203,1114,210,372,0,57,499,312,393,1875,122,1560,694,391,1227,108,1715,57,1908,8701,792,4,1245,851,145,1058,58
932,88,3741,732,8552,802,0,117,9217,3822,64,563,1426,922,400,0,425,0,57,694,210,868,0,587,530,95,201,1897,40,547,313,410,2002,140,1438,714,388,1106,119,1936,105,1831,6020,383,13,958,1039,126,988,41
792,185,1974,642,8329,582,0,112,8775,2740,28,350,1541,852,528,0,303,3840,18,1128,273,658,1512,583,415,39,204,1030,21,534,254,307,893,110,889,385,266,859,105,1602,90,743,5810,438,4,1505,799,139,965,29
2217,94,1814,824,5829,200,207,71,9105,3077,47,517,1231,535,355,1063,615,2343,6,648,182,1596,478,1197,1344,0,296,988,5,493,460,318,722,155,1104,362,330,751,54,1203,49,610,4267,413,2,922,670,94,601,45
2065,109,2108,734,4193,881,94,142,9289,4399,110,528,1076,771,228,0,545,1121,28,761,178,1521,666,1173,1151,286,320,1096,59,538,289,336,2181,86,1320,847,328,1116,133,1222,48,2679,8342,422,3,999,864,119,783,69
1994,68,2340,787,9152,496,463,90,9796,3567,123,457,1393,621,498,698,700,1735,22,892,356,1515,745,1204,1245,113,277,870,13,506,345,413,2070,74,1396,721,305,808,94,1640,149,2147,9042,605,1,911,782,153,924,39
1596,84,2526,791,8871,466,130,96,8862,4183,122,567,1772,954,759,0,859,1708,22,1169,304,1441,772,1265,1072,174,383,1149,31,240,252,465,1909,168,1733,672,410,932,152,1737,44,2126,8800,316,1,984,775,96,1091,58
1343,106,3213,752,7844,594,140,90,9451,4308,87,475,1980,901,543,942,664,1799,27,1019,387,1406,724,981,1014,11,362,1142,39,747,212,359,1848,133,1533,634,362,1017,94,1749,79,2190,8839,539,8,913,986,220,855,40
952,145,3013,662,7282,549,0,94,7028,3732,45,393,1639,968,399,0,398,0,21,909,290,967,759,707,550,116,253,994,30,405,196,441,1757,58,928,641,324,916,86,1520,103,1933,9539,583,4,981,850,93,1124,43
838,136,1446,637,7340,433,0,110,4795,3162,207,230,1467,735,511,0,398,3467,12,870,353,792,0,521,547,112,276,1131,21,350,220,268,785,125,944,401,280,655,83,1623,88,759,6226,379,4,1324,630,119,932,39
2015,59,1031,787,5437,250,252,77,5335,2538,143,331,1298,576,353,1064,760,1099,5,710,165,1669,1215,1037,1449,121,261,985,26,311,114,304,729,148,932,377,269,576,53,1209,65,706,5303,394,1,1145,551,119,411,40
1674,60,1009,784,3622,529,48,63,5406,2742,171,559,1471,822,200,0,661,3615,17,572,438,1586,617,935,1263,115,198,1001,33,391,210,430,1996,124,1143,884,333,882,141,1140,59,2584,9167,391,2,798,681,78,770,36
1573,55,1699,912,7613,546,115,70,7548,3888,149,473,1759,720,614,841,724,1482,5,579,338,1501,861,680,1219,164,351,645,26,403,226,335,1590,120,1199,696,279,754,101,1273,89,2213,8706,552,5,818,685,108,939,39
1518,40,1445,735,7298,409,20,86,7513,3364,201,692,1953,1040,703,0,719,1303,18,801,162,1354,545,951,1140,151,366,851,23,417,207,370,1769,150,1166,716,247,815,116,1292,105,1900,7598,510,10,2015,832,118,875,35
1320,55,1407,1011,6772,443,75,60,8303,4207,229,523,2103,1239,503,921,820,1500,11,775,320,1386,916,695,1095,144,207,838,37,405,192,370,1545,181,1204,679,411,799,112,1542,98,1845,7039,461,1,1307,723,156,1043,42
771,79,1055,772,6289,454,0,54,6103,4422,151,573,2190,1033,421,0,330,0,16,922,320,948,797,703,679,64,147,887,39,391,150,377,1429,88,1294,634,374,831,92,1385,106,1835,6959,23,6,897,897,130,1185,13
646,98,817,572,6489,304,0,70,4134,3162,140,176,1382,1041,503,0,170,2653,9,755,286,807,618,440,467,65,189,812,13,364,200,267,732,117,879,426,262,802,89,1241,128,791,4879,624,4,664,606,131,622,37
1626,68,601,645,4320,297,247,69,5743,2676,120,429,1319,664,285,1092,1016,562,-1,585,214,1764,323,872,1528,0,280,742,9,304,129,239,598,172,883,343,216,646,35,1085,58,632,4455,292,3,996,580,60,521,-8
1351,49,1215,383,3205,295,117,68,8043,3754,199,495,1549,870,255,0,814,1164,19,541,296,1706,0,771,1356,272,339,547,21,474,199,393,1798,85,1095,859,286,835,112,813,50,2426,9803,393,10,775,491,121,767,31
1207,61,707,703,7144,242,22,94,6197,3767,353,538,1645,660,477,817,872,1179,20,776,229,1529,457,717,1403,114,249,525,26,518,173,314,1576,201,1422,876,248,959,93,1067,102,1774,6200,323,5,1102,542,133,531,13
1100,81,1352,652,6278,460,76,73,6078,2816,232,498,1834,1043,530,0,851,1135,26,715,319,1412,1427,892,1190,136,371,586,34,692,171,299,1584,151,1178,778,278,1015,101,749,82,1791,6755,433,5,1215,643,143,968,33
1063,100,928,626,6017,402,115,69,6243,3340,283,542,2296,1067,599,1338,647,1298,29,818,212,1352,690,760,1156,2,323,1099,43,615,173,360,1561,122,1131,601,313,808,88,1055,127,1340,7018,473,16,915,815,123,1059,64
649,84,867,-400,5267,281,0,57,3790,3336,219,304,1828,1044,858,0,432,0,24,519,366,890,749,340,671,118,259,859,16,37,142,352,1590,143,1117,876,405,853,91,1191,94,1677,8245,314,7,938,736,183,866,44
594,102,951,673,5271,354,0,90,2669,1889,174,183,1562,739,640,0,415,1181,29,503,303,727,554,308,556,120,181,697,8,316,106,300,787,60,613,382,726,718,98,1222,156,858,6204,306,5,730,592,107,699,59
1206,50,469,412,3691,173,370,55,3848,1957,134,282,1773,591,396,1282,727,567,16,520,213,1621,0,1004,1602,68,162,660,16,360,92,173,644,135,775,324,-293,457,67,581,86,540,7908,239,11,862,273,68,469,45
1037,66,916,410,2708,268,-12,45,4102,3226,261,384,1740,841,140,0,692,640,22,414,175,1454,345,906,1306,0,255,683,13,382,79,371,2104,186,861,826,225,625,83,506,83,1860,7282,298,3,736,532,99,709,32
1047,73,638,729,5837,318,59,85,4520,2512,235,370,2295,489,311,723,885,778,18,580,262,1452,1247,894,1401,109,282,394,19,371,170,358,2049,274,958,708,194,600,85,807,123,1908,7024,475,2,863,537,70,710,67
1028,83,724,549,5360,377,118,56,4612,2939,230,424,1832,941,1253,0,717,918,32,670,262,1367,825,777,1366,258,263,556,14,135,202,328,1805,232,1122,824,295,833,87,810,125,1612,5303,501,4,978,741,181,759,38
1122,69,620,887,4775,393,87,83,4289,3369,280,249,2293,1040,473,966,809,899,31,624,431,1358,0,752,1216,2,274,893,21,330,144,423,1804,262,1043,720,256,740,157,968,193,1659,5021,327,4,1212,518,84,858,56
743,88,997,547,4768,307,0,89,2988,2755,247,293,2356,1000,729,0,515,0,19,579,109,885,1451,408,615,160,155,637,21,445,207,386,1851,140,1119,661,289,813,143,1107,251,1386,5559,328,10,0,827,119,975,19
827,66,209,375,4468,270,0,68,2046,1812,169,191,1893,615,540,0,329,1223,21,567,0,821,714,398,540,114,110,532,15,290,94,293,891,124,637,396,227,614,95,1030,141,859,4398,312,5,1558,464,87,479,36
1714,72,312,320,3168,198,492,80,2725,2441,215,217,1612,1660,356,1545,716,623,13,377,571,1534,409,881,1712,133,340,409,27,278,73,194,796,229,849,373,218,421,54,738,149,560,2847,325,8,1006,343,40,414,24
1436,33,860,480,2609,314,29,69,3254,2494,275,395,1680,829,663,0,783,550,21,440,349,1407,529,722,1514,162,156,405,16,347,66,398,2321,238,844,900,236,592,82,587,80,2098,6346,460,6,822,347,83,687,31
1433,52,187,649,5586,252,180,67,3163,2603,306,315,2157,938,921,1536,845,1545,26,577,315,1292,1154,824,1650,0,375,258,9,337,197,306,2098,333,1089,1161,180,511,91,1027,66,1754,5407,357,3,1121,473,145,786,50
1396,85,681,722,4976,366,130,130,3584,2819,263,342,1707,1145,3269,0,866,677,21,601,365,1232,850,646,1469,144,377,553,35,349,188,476,1833,310,1244,1127,190,649,124,654,623,1587,5600,297,11,1013,582,93,912,38
1262,116,520,838,4708,430,145,103,3109,2678,310,262,2434,809,1344,1111,853,606,-1,630,438,1270,0,716,1399,134,348,624,22,403,122,366,1755,374,1296,829,293,864,75,1127,323,1565,4031,537,2,1217,584,191,864,41
649,93,630,795,4075,313,0,109,2601,2554,200,293,1880,1121,371,0,531,0,53,497,421,970,1974,359,738,188,316,602,30,372,136,357,1624,0,1216,769,239,854,68,1187,425,2366,4762,441,12,938,619,143,862,21
722,43,375,478,4002,223,0,100,1679,1361,130,190,1992,879,1009,0,246,1624,37,458,174,712,650,353,604,89,286,447,8,314,105,417,873,332,922,446,261,691,59,1532,380,646,3824,363,11,847,465,143,570,36
1420,36,175,368,2680,188,384,96,7371,1720,179,221,1668,883,615,1564,903,326,22,614,301,1413,0,745,1903,153,247,320,21,400,69,388,655,184,895,501,159,516,44,910,187,570,2615,284,5,1021,310,140,268,22
1402,35,508,273,2305,369,127,67,2495,2512,339,280,1492,695,625,0,848,689,0,456,354,1437,1221,684,1666,196,308,400,22,373,108,449,1909,267,1453,951,233,841,86,947,240,1990,4364,358,6,927,307,257,1036,24
1307,65,520,615,4434,234,102,112,3573,2386,208,296,2128,859,818,1328,934,1151,69,693,288,1425,0,723,1786,178,431,238,12,346,152,444,1724,362,1157,1117,129,942,69,786,254,1713,4334,453,2,1126,475,135,578,45
1082,86,1093,1392,4670,308,101,91,3197,2973,267,263,1360,1104,885,0,843,813,15,819,415,1216,1881,560,1627,133,400,352,38,422,200,585,1816,344,1345,1140,261,1049,96,830,334,1581,3680,458,5,1111,562,203,740,28
1006,119,729,1174,4132,394,156,148,3653,2298,219,269,5594,1030,1105,1280,755,822,35,776,212,1111,0,513,1505,19,197,489,21,508,90,539,1615,361,1332,1000,265,931,83,1456,259,1597,5482,585,10,948,498,192,1542,50
588,87,836,548,3746,323,0,109,2460,2270,161,281,2806,1077,991,0,515,0,15,512,438,810,1621,398,742,145,141,390,56,367,146,522,1305,297,1341,920,255,941,80,1577,293,1959,4486,360,4,1199,525,252,999,17
584,94,251,706,3540,281,0,82,1862,1679,104,190,1403,843,763,0,292,1395,19,764,366,667,638,292,589,100,107,508,23,339,59,434,680,170,773,581,188,669,37,1154,220,527,2995,341,0,645,420,123,890,26
706,34,199,348,2318,247,0,62,1798,798,66,74,1381,590,393,1694,322,309,12,356,229,834,383,367,721,115,65,357,29,364,37,317,636,71,0,565,146,600,61,678,191,549,2060,396,4,836,316,163,575,0
1366,34,82,477,2011,193,417,68,2316,1744,100,240,1392,386,462,0,642,256,21,336,171,1586,260,593,2354,2,574,130,18,346,37,335,757,238,1434,640,165,483,27,685,103,645,1421,275,2,882,197,86,749,71
1114,65,497,498,2366,314,89,103,2531,2192,167,329,1337,705,400,496,839,1561,27,503,181,1602,381,566,2117,278,363,155,23,389,87,363,1992,333,973,1357,116,1008,72,453,168,2246,4000,383,5,1240,290,147,913,48
997,114,462,548,4309,260,222,103,3639,2214,167,307,1953,758,1010,0,913,464,31,646,403,1268,0,569,1729,4,461,288,56,475,161,421,1626,241,1121,1061,183,568,105,440,263,1576,4018,501,3,1115,499,209,1592,49
935,89,522,1180,3659,366,233,132,3150,2116,127,333,2312,1262,795,976,833,755,42,809,440,1385,467,451,1625,262,477,260,47,530,134,611,1498,467,1240,1160,211,1038,111,1025,283,1695,3456,609,8,1296,600,157,1443,64
626,103,606,727,3286,409,0,135,2368,2205,114,217,2121,1056,627,0,580,0,29,577,554,948,1595,291,781,0,256,398,32,476,98,543,1344,426,1242,942,291,968,103,1167,320,1599,4324,692,9,874,495,347,1430,33
594,62,385,509,3417,459,0,102,1771,1478,80,112,1462,1243,809,0,368,1281,0,536,286,819,638,268,663,96,234,317,44,331,100,481,695,254,837,617,181,671,98,1149,201,663,1845,542,7,757,364,178,1624,49
1090,74,214,408,2377,401,569,84,2643,1384,65,253,1373,736,429,1513,708,492,55,599,254,1552,402,593,2218,86,311,277,18,388,81,318,643,233,1079,647,147,700,56,602,163,533,3970,538,11,943,318,121,818,46
986,43,485,730,2066,445,136,85,2297,1848,98,278,1466,689,454,0,767,371,23,643,313,1548,0,560,1933,137,357,-35,34,492,81,460,1861,269,1001,1279,178,1094,92,608,193,2355,5342,722,7,845,338,156,1441,46
911,50,699,862,4226,492,135,90,3258,2669,156,283,1941,580,1290,971,594,612,21,631,306,1422,462,602,1739,187,422,434,32,454,118,400,1615,0,1033,1222,188,791,124,926,297,1560,6026,764,2,1101,385,220,1502,128
831,108,1754,992,3830,504,220,143,3180,2083,119,396,2056,837,636,0,805,478,43,543,429,1335,909,519,1776,441,525,344,34,631,158,563,1493,897,1067,1481,210,952,120,693,395,1549,4047,862,2,1242,421,234,2134,86
853,107,1283,871,3872,623,141,82,3543,2207,112,470,2223,1037,1241,1415,836,979,30,682,454,1284,1085,487,1605,292,476,498,47,538,151,442,1390,377,1011,1359,282,788,146,935,389,1539,3422,836,2,953,422,253,2580,95
562,94,610,1078,3364,648,0,120,2492,2288,77,288,2529,1076,828,0,447,0,44,412,599,805,914,333,851,136,411,323,59,498,162,494,1418,351,951,1310,257,924,138,1081,369,1559,3827,1071,3,857,632,191,2403,33
581,108,365,563,3497,501,0,101,1646,1152,55,244,1402,746,664,0,351,936,27,412,359,903,2221,316,653,127,269,3,27,497,67,464,702,286,762,743,202,683,113,952,252,611,2466,817,5,626,383,180,1735,91
1125,70,337,641,2555,545,497,90,2381,1385,64,410,1477,522,692,1674,666,243,40,344,256,1958,480,560,2287,269,337,629,5,477,104,313,620,264,856,680,194,570,43,573,173,530,9853,39,3,872,305,117,1296,73
908,57,596,617,2210,653,136,82,2580,1209,167,446,1531,599,561,0,866,752,25,385,173,1768,678,473,1852,204,371,261,38,506,107,403,1889,473,685,1205,318,878,98,566,320,2184,17820,650,2,580,356,213,1739,72
808,76,439,982,4197,620,155,121,2588,1691,90,396,1848,711,1056,1267,681,616,44,503,543,1710,0,571,1948,320,496,482,17,490,197,385,1641,470,903,1066,190,810,127,910,445,1555,3392,1453,1,902,547,120,1895,153
795,131,569,1086,3789,652,157,122,2800,1608,111,491,2257,899,1225,0,890,577,20,559,481,1222,2089,550,1958,328,466,390,37,641,237,531,1564,434,991,1172,362,910,119,882,463,1553,4320,622,2,941,585,202,2478,136
859,126,516,897,3844,706,115,89,2765,2012,127,523,2805,1171,1103,1366,883,706,0,613,488,1042,1470,634,1691,357,451,483,41,626,263,537,1631,495,1150,1305,449,1026,125,855,457,1658,4633,1411,7,975,1027,247,2629,115
599,119,460,809,3434,635,0,101,1831,1442,95,539,2441,1142,903,0,503,0,54,431,569,862,0,317,917,2,436,602,36,816,205,576,1356,344,1115,1196,267,941,142,946,579,1384,4886,1017,5,736,650,205,2902,45
590,110,412,487,3559,605,0,145,808,875,90,205,1604,901,769,0,396,923,11,477,592,826,1979,348,761,200,433,378,51,759,152,484,815,259,800,961,239,924,129,876,408,598,1694,1068,2,449,460,190,2247,168
1140,114,274,807,2392,475,560,95,3183,956,85,422,1709,872,642,2037,947,240,37,431,430,1244,0,666,2303,306,444,462,36,657,141,455,682,419,993,883,174,679,36,511,197,681,4090,827,2,923,390,164,1739,121
822,124,675,706,2112,553,182,99,2047,1368,121,511,1362,744,632,0,832,533,54,414,512,1113,809,589,1978,463,545,402,25,568,172,666,2399,444,1105,1271,297,1152,141,658,259,2475,4062,694,3,756,385,180,2447,67
909,103,324,942,4129,527,221,178,2795,1906,107,614,2273,953,1199,1120,760,610,40,785,532,1094,687,612,1838,517,498,386,33,814,278,554,1995,372,1080,1086,218,868,184,845,392,1650,5683,906,3,449,535,156,2459,127
